 Cubic Spinel, MgAl2O4
 -------------------------------------------------------------------------------
    1  2.648410E-02   1   0   0 ihole, gamach, iprint, iafolp, intclc
    0  0.000000E+00  0.000000E+00  0.000000E+00 ixc, vr0, vi0, rs0
    0  100  0.000000E+00  1.058354E+01 ixanes, nemax, xkmin, xkmax (inv bohr)
    3  nfr
    0   12    0 ifr, iz, ion
    1    8    0 ifr, iz, ion
    2   13    0 ifr, iz, ion
    3   12    0 ifr, iz, ion
  149  nat.   iat, iph, x, y, z
    1    0    0.000000    0.000000    0.000000
    2    1    2.091851   -2.091851   -2.091851
    3    1   -2.091851    2.091851   -2.091851
    4    1    2.091851    2.091851    2.091851
    5    1   -2.091851   -2.091851    2.091851
    6    2   -1.908623    1.908623   -5.725870
    7    2    5.725870   -1.908623   -1.908623
    8    2    1.908623   -1.908623   -5.725870
    9    2    1.908623    5.725870    1.908623
   10    2   -1.908623   -5.725870    1.908623
   11    2    1.908623    1.908623    5.725870
   12    2   -1.908623    5.725870   -1.908623
   13    2   -1.908623   -1.908623    5.725870
   14    2   -5.725870   -1.908623    1.908623
   15    2   -5.725870    1.908623   -1.908623
   16    2    5.725870    1.908623    1.908623
   17    2    1.908623   -5.725870   -1.908623
   18    1    5.909098    1.725395   -1.725395
   19    1   -1.725395    1.725395    5.909098
   20    1    1.725395    5.909098   -1.725395
   21    1   -1.725395    5.909098    1.725395
   22    1    5.909098   -1.725395    1.725395
   23    1   -1.725395   -5.909098   -1.725395
   24    1   -5.909098    1.725395    1.725395
   25    1   -5.909098   -1.725395   -1.725395
   26    1    1.725395    1.725395   -5.909098
   27    1    1.725395   -5.909098    1.725395
   28    1   -1.725395   -1.725395   -5.909098
   29    1    1.725395   -1.725395    5.909098
   30    3    3.817247    3.817247   -3.817247
   31    3   -3.817247    3.817247    3.817247
   32    3    3.817247   -3.817247    3.817247
   33    3   -3.817247   -3.817247   -3.817247
   34    1    5.542642    5.542642    2.091851
   35    1    5.542642    2.091851    5.542642
   36    1   -5.542642   -5.542642    2.091851
   37    1   -5.542642    2.091851   -5.542642
   38    1   -5.542642   -2.091851    5.542642
   39    1   -2.091851    5.542642   -5.542642
   40    1   -2.091851   -5.542642    5.542642
   41    1    5.542642   -2.091851   -5.542642
   42    1   -5.542642    5.542642   -2.091851
   43    1    5.542642   -5.542642   -2.091851
   44    1    2.091851   -5.542642   -5.542642
   45    1    2.091851    5.542642    5.542642
   46    1   -1.725395    1.725395   -9.359888
   47    1    1.725395   -1.725395   -9.359888
   48    1   -1.725395   -1.725395    9.359888
   49    1   -1.725395   -9.359888    1.725395
   50    1   -9.359888    1.725395   -1.725395
   51    1   -9.359888   -1.725395    1.725395
   52    1   -1.725395    9.359888   -1.725395
   53    1    9.359888   -1.725395   -1.725395
   54    1    1.725395    9.359888    1.725395
   55    1    9.359888    1.725395    1.725395
   56    1    1.725395    1.725395    9.359888
   57    1    1.725395   -9.359888   -1.725395
   58    2   -5.725870    5.725870   -5.725870
   59    2    5.725870    5.725870    5.725870
   60    2   -5.725870   -5.725870    5.725870
   61    2    5.725870   -5.725870   -5.725870
   62    2   -1.908623   -9.543116   -1.908623
   63    2   -1.908623   -1.908623   -9.543116
   64    2    1.908623    1.908623   -9.543116
   65    2   -9.543116   -1.908623   -1.908623
   66    2    1.908623   -1.908623    9.543116
   67    2    1.908623   -9.543116    1.908623
   68    2   -9.543116    1.908623    1.908623
   69    2    9.543116   -1.908623    1.908623
   70    2    1.908623    9.543116   -1.908623
   71    2    9.543116    1.908623   -1.908623
   72    2   -1.908623    1.908623    9.543116
   73    2   -1.908623    9.543116    1.908623
   74    1    5.909098   -5.909098    5.909098
   75    1    5.909098    5.909098   -5.909098
   76    1   -5.909098   -5.909098   -5.909098
   77    1   -5.909098    5.909098    5.909098
   78    3    7.634493    0.000000    7.634493
   79    3    0.000000    7.634493    7.634493
   80    3    7.634493    7.634493    0.000000
   81    3   -7.634493    0.000000   -7.634493
   82    3   -7.634493   -7.634493    0.000000
   83    3   -7.634493    7.634493    0.000000
   84    3    7.634493    0.000000   -7.634493
   85    3    0.000000    7.634493   -7.634493
   86    3   -7.634493    0.000000    7.634493
   87    3    0.000000   -7.634493    7.634493
   88    3    7.634493   -7.634493    0.000000
   89    3    0.000000   -7.634493   -7.634493
   90    1    5.542642    9.726344   -2.091851
   91    1   -2.091851    9.726344    5.542642
   92    1    9.726344    5.542642   -2.091851
   93    1    9.726344    2.091851   -5.542642
   94    1    2.091851    9.726344   -5.542642
   95    1   -5.542642    2.091851    9.726344
   96    1   -5.542642    9.726344    2.091851
   97    1    5.542642   -2.091851    9.726344
   98    1    9.726344   -2.091851    5.542642
   99    1    2.091851   -5.542642    9.726344
  100    1    9.726344   -5.542642    2.091851
  101    1   -5.542642   -2.091851   -9.726344
  102    1    5.542642    2.091851   -9.726344
  103    1   -9.726344    5.542642    2.091851
  104    1   -9.726344    2.091851    5.542642
  105    1    2.091851    5.542642   -9.726344
  106    1   -5.542642   -9.726344   -2.091851
  107    1   -9.726344   -2.091851   -5.542642
  108    1    5.542642   -9.726344    2.091851
  109    1   -2.091851   -9.726344   -5.542642
  110    1    2.091851   -9.726344    5.542642
  111    1   -2.091851   -5.542642   -9.726344
  112    1   -9.726344   -5.542642   -2.091851
  113    1   -2.091851    5.542642    9.726344
  114    2    9.543116    5.725870   -5.725870
  115    2    5.725870    9.543116   -5.725870
  116    2    5.725870    5.725870   -9.543116
  117    2   -5.725870    9.543116    5.725870
  118    2   -5.725870    5.725870    9.543116
  119    2   -9.543116    5.725870    5.725870
  120    2    9.543116   -5.725870    5.725870
  121    2    5.725870   -5.725870    9.543116
  122    2    5.725870   -9.543116    5.725870
  123    2   -5.725870   -5.725870   -9.543116
  124    2   -9.543116   -5.725870   -5.725870
  125    2   -5.725870   -9.543116   -5.725870
  126    1   -5.909098   -9.359888    5.909098
  127    1    5.909098    5.909098    9.359888
  128    1    5.909098    9.359888    5.909098
  129    1    9.359888    5.909098    5.909098
  130    1   -9.359888    5.909098   -5.909098
  131    1    5.909098   -9.359888   -5.909098
  132    1    5.909098   -5.909098   -9.359888
  133    1   -5.909098    5.909098   -9.359888
  134    1    9.359888   -5.909098   -5.909098
  135    1   -5.909098    9.359888   -5.909098
  136    1   -5.909098   -5.909098    9.359888
  137    1   -9.359888   -5.909098    5.909098
  138    3   -3.817247   -3.817247   11.451740
  139    3    3.817247    3.817247   11.451740
  140    3    3.817247   11.451740    3.817247
  141    3   -3.817247   11.451740   -3.817247
  142    3   11.451740   -3.817247   -3.817247
  143    3   11.451740    3.817247    3.817247
  144    3    3.817247   -3.817247  -11.451740
  145    3  -11.451740    3.817247   -3.817247
  146    3   -3.817247    3.817247  -11.451740
  147    3   -3.817247  -11.451740    3.817247
  148    3    3.817247  -11.451740   -3.817247
  149    3  -11.451740   -3.817247    3.817247
    3  nph
    0    1    0    1.000000    1.000000    0 iph, iat, ifr, xnat, folp, novr
 'Mg    '  potlbl
    1    2    1   80.000000    1.000000    0 iph, iat, ifr, xnat, folp, novr
 'O     '  potlbl
    2    6    2   40.000000    1.000000    0 iph, iat, ifr, xnat, folp, novr
 'Al    '  potlbl
    3   30    3   28.000000    1.000000    0 iph, iat, ifr, xnat, folp, novr
 'Mg    '  potlbl
